6.439263e+09 0.000000e+00 0.000000e+00 0.000000e+00 0.000000e+00 0.000000e+00 0.000000e+00
6.847134e-01 -2.057434e-02 -1.920399e-03 -4.066237e-03 2.541415e-02 -2.722764e-01 -1.207088e-02
3.126055e+00 -3.235535e-01 3.067833e-01 -2.648164e-02 -4.085973e-02 -4.309331e-02 -5.469825e-03
2.606051e+00 1.674872e-01 -1.766631e-01 -2.697915e-02 4.711464e-02 4.466749e-02 -3.378381e-03
7.364890e+00 3.649175e-02 7.429332e-02 -1.020253e-02 -1.068220e-01 5.246935e-02 9.451404e-03
3.276158e+00 4.707360e-01 3.689628e-01 7.105887e-02 -2.813480e-02 3.589539e-02 -2.643232e-03
4.260142e+00 5.121091e-01 2.857301e-02 -6.264905e-02 -3.106275e-03 5.567324e-02 4.965908e-03
4.730741e+00 -3.615944e-01 -2.192609e-01 -2.668382e-02 2.974220e-02 -4.904938e-02 -3.521851e-05
2.819531e+00 4.591352e-01 2.339308e-01 9.509046e-02 -2.494235e-02 4.895426e-02 -7.937082e-04
5.695567e+00 6.468268e-01 3.161148e-01 -4.385462e-02 -2.099533e-02 4.296016e-02 -7.669454e-04
4.713897e+00 4.136195e-01 -3.306361e-01 4.140555e-02 3.377549e-02 4.225250e-02 8.645997e-04
8.984932e+00 2.168369e-01 -1.592552e-01 -1.172034e-02 4.493509e-02 6.118224e-02 -7.131017e-04
6.614442e+00 -4.284834e-01 -2.000934e-01 7.221947e-02 2.503665e-02 -5.361392e-02 -3.759029e-03
1.651449e+00 -2.021224e-02 2.037440e-01 3.629904e-03 -6.987649e-02 -6.932034e-03 7.027033e-03
2.460898e+00 3.816364e-01 1.545197e-01 -4.660741e-02 -2.256757e-02 5.573793e-02 -2.798303e-04
4.597625e+00 -6.773225e-01 4.237629e-01 -3.910599e-02 -1.929560e-02 -3.084116e-02 6.962014e-05
1.011409e+00 -2.810919e-01 3.781014e-01 6.439280e-03 -3.748795e-02 -2.786966e-02 -1.736612e-04
4.399301e+00 -6.222790e-01 -2.057460e-02 2.644849e-02 1.531774e-03 -4.632853e-02 -1.411827e-04
2.684334e+00 -4.252102e-01 3.015474e-01 -7.662966e-02 -3.021893e-02 -4.261153e-02 -1.794081e-03
5.184414e+00 -4.379630e-01 -8.167362e-01 -2.954093e-02 3.411461e-02 -1.829346e-02 2.296573e-03
9.318869e+00 -4.957260e-02 -2.011347e-01 -3.635486e-03 6.775196e-02 -1.669846e-02 -1.831368e-03
5.468560e+00 -1.275005e-01 1.202029e-01 4.790046e-03 -6.497769e-02 -6.892256e-02 4.551861e-03
1.385899e+00 2.283261e-01 4.645852e-01 5.824797e-03 -4.631257e-02 2.276088e-02 2.208249e-03
2.130618e+00 2.022011e-01 -1.125675e-01 -4.044657e-03 4.043431e-02 7.263079e-02 -3.705986e-03
4.285180e+00 3.515929e-01 -3.951846e-01 2.521639e-02 4.020146e-02 3.576695e-02 1.837750e-04
9.422419e+00 -7.039255e-01 -4.062165e-02 -4.395589e-02 2.278637e-03 -3.948610e-02 -6.064725e-05
8.626656e+00 1.056964e-01 4.937687e-01 6.504686e-03 -4.576566e-02 9.796622e-03 3.588928e-03
3.498526e+00 4.094052e-01 1.749140e-01 -2.242213e-02 -2.005260e-02 4.693529e-02 -5.291951e-03
5.067980e+00 3.409531e-01 -3.184638e-01 1.833756e-02 3.980290e-02 4.261371e-02 3.460010e-03
8.198843e+00 -1.081920e-01 -1.420902e-01 2.476258e-02 6.757858e-02 -5.145647e-02 -4.057663e-03
9.789117e+00 -6.939036e-01 -6.032551e-02 8.896870e-03 4.156526e-03 -4.781109e-02 1.603779e-03
4.315317e+00 2.115883e-01 8.251557e-01 1.247494e-01 -3.694664e-02 9.473943e-03 -3.069118e-03
7.706925e+00 1.324537e-02 3.188079e-02 3.828314e-03 -1.866668e-01 7.755360e-02 9.066112e-03
3.110794e+00 -4.566373e-01 -5.138781e-01 2.601699e-02 3.620007e-02 -3.216775e-02 6.023790e-04
7.080058e+00 1.278123e-01 -8.586454e-02 1.487682e-02 4.766530e-02 7.095141e-02 3.525372e-03
5.047407e+00 -4.027399e-01 -4.643862e-01 5.851554e-02 3.666055e-02 -3.179393e-02 -1.772596e-03
4.322754e+00 5.167551e-01 -7.496328e-01 -1.417530e-01 3.008891e-02 2.074161e-02 3.042831e-03
4.514966e+00 -4.740586e-01 -4.421250e-01 -3.824363e-02 2.855323e-02 -3.061556e-02 -3.049925e-03
3.538547e+00 9.298094e-01 1.759218e-01 3.861498e-02 -6.846229e-03 3.618475e-02 1.772969e-04
2.209189e+00 -9.237989e-02 -1.432009e-01 1.006623e-02 7.911269e-02 -5.103613e-02 -3.180916e-03
2.168915e+00 1.063413e-01 -2.299145e-02 -1.210956e-02 2.178437e-02 1.007583e-01 -8.155738e-03
1.447275e+00 2.694105e-01 3.353494e-01 -4.900534e-02 -4.000104e-02 3.213574e-02 -6.333623e-04
9.561538e-01 -1.976062e-01 7.599575e-02 1.094185e-02 -2.768338e-02 -7.198308e-02 5.526786e-04
2.760032e+00 4.050905e-01 6.241618e-01 -1.612745e-01 -3.672570e-02 2.383554e-02 1.758660e-03
8.556320e+00 -1.192156e-01 3.033799e-01 1.729011e-02 -6.099695e-02 -2.396925e-02 3.892218e-03
9.366656e+00 1.432725e-01 6.382453e-01 -1.009545e-01 -4.190425e-02 9.406610e-03 -5.242355e-03
5.066526e+00 4.351324e-01 5.922013e-01 -1.375917e-01 -3.225780e-02 2.370210e-02 7.018181e-05
5.563241e+00 -4.885402e-01 -1.828677e-01 -6.508687e-02 1.801869e-02 -4.813782e-02 -8.744219e-04
3.240968e+00 -3.697396e-03 1.901856e-03 4.927026e-04 -2.883915e-01 -5.606617e-01 -2.516367e-02
5.410560e+00 -2.063515e-01 -3.494043e-01 4.031844e-03 5.124012e-02 -3.026144e-02 -1.000164e-03
8.742573e+00 6.400507e-01 2.860612e-01 -4.384932e-03 -1.634458e-02 3.657035e-02 2.450172e-03
5.436126e+00 6.845142e-02 2.046592e-01 2.172221e-02 -7.708885e-02 2.578355e-02 -4.256901e-03
8.858881e+00 -7.423238e-01 -1.715352e-02 9.706717e-03 9.165898e-04 -3.966570e-02 4.068814e-04
2.946562e+00 -5.963007e-01 -3.061123e-01 6.658422e-02 1.869584e-02 -3.641913e-02 3.925599e-03
9.936656e+00 6.514858e-02 -5.457927e-02 3.473325e-03 8.346367e-02 9.962646e-02 2.940642e-04
4.756132e+00 9.280205e-02 -4.586689e-02 -2.840224e-03 4.815521e-02 9.743199e-02 -5.127658e-04
8.063542e+00 -1.762081e-01 -4.063952e-01 4.155083e-02 4.406583e-02 -1.910642e-02 -5.798279e-05
1.144421e+00 1.379890e-01 -2.531921e-01 2.046374e-03 6.403091e-02 3.489667e-02 -1.740330e-03
8.501794e-01 -6.638401e-01 -8.664925e-02 1.744859e-02 6.088790e-03 -4.664764e-02 2.030999e-03
5.236699e+00 3.625026e-03 1.075929e-02 5.128497e-04 -3.200053e-01 1.078164e-01 3.862601e-03
5.892790e+00 -5.635384e-02 -1.154874e-01 6.510416e-03 9.892253e-02 -4.827074e-02 7.296038e-04
7.356972e+00 -9.340672e-02 3.863144e-01 -4.538891e-02 -5.062667e-02 -1.224099e-02 2.583312e-03
4.681013e+00 3.952784e-01 7.874126e-01 -5.401539e-02 -3.235098e-02 1.624008e-02 1.839910e-03
6.489507e+00 7.474769e-03 -9.919026e-03 -8.501876e-04 2.556032e-01 1.926171e-01 1.321477e-02
5.147637e+00 -1.842912e-01 -9.724868e-01 8.544758e-02 3.443194e-02 -6.525028e-03 9.754693e-04
9.812515e+00 -1.048488e-01 -1.493222e-02 9.454376e-03 1.493623e-02 -1.048770e-01 -1.350153e-03
6.485181e+00 -6.674127e-01 -7.266362e-01 7.188826e-02 2.755805e-02 -2.531197e-02 1.172944e-03
4.421248e+00 -7.516204e-01 8.948150e-02 1.637728e-01 -4.391776e-03 -3.688973e-02 -3.177006e-04
8.097261e+00 3.052005e-01 -9.900238e-02 -3.894205e-03 1.975577e-02 6.090229e-02 -2.299761e-03
5.943934e+00 -3.990260e-02 1.713607e-01 1.881697e-02 -8.162560e-02 -1.900713e-02 3.855778e-03
7.381302e+00 -3.354147e-01 -7.086833e-01 -4.906173e-02 3.512776e-02 -1.662572e-02 1.153471e-03
5.882307e+00 -1.540646e-01 -6.639326e-01 8.509863e-02 4.626991e-02 -1.073687e-02 4.371629e-04
3.508438e+00 -4.311755e-01 1.151317e-01 -2.938934e-02 -1.367282e-02 -5.120557e-02 6.037522e-03
6.458274e+00 -7.740166e-01 1.311905e-01 -7.041831e-02 -7.473062e-03 -4.409066e-02 3.081983e-04
4.006744e+00 -3.336673e-01 7.081777e-01 -9.041473e-02 -3.769850e-02 -1.776215e-02 -5.294719e-03
7.795472e+00 4.147810e-01 -4.043747e-01 -5.895452e-02 3.655329e-02 3.749396e-02 2.788311e-04
3.347146e+00 2.039490e-01 -2.929553e-01 3.060933e-02 4.502106e-02 3.134267e-02 -2.533780e-03
9.883179e+00 -4.200155e-01 2.337953e-02 1.713443e-02 -2.845273e-03 -5.111560e-02 1.372043e-03
5.670534e+00 3.327107e-01 -1.300122e-01 -9.079879e-03 2.006406e-02 5.134539e-02 -9.180839e-04
3.870451e+00 2.392867e-01 -4.350359e-01 -1.293730e-02 4.787296e-02 2.633199e-02 3.000135e-03
1.278480e+00 4.419123e-03 -8.343471e-02 3.099610e-03 1.406820e-01 7.451227e-03 1.337314e-02
3.762385e+00 2.853439e-01 5.538418e-02 -1.478526e-03 -1.446322e-02 7.451571e-02 5.009887e-03
1.748520e+00 5.298503e-01 -6.317138e-02 7.421579e-02 6.348524e-03 5.324828e-02 5.514502e-03
1.149010e+00 -8.378384e-01 -2.941603e-01 -1.455768e-01 1.112695e-02 -3.169220e-02 7.389103e-05
5.220884e+00 -7.103630e-02 9.404617e-03 2.308169e-03 -1.888611e-02 -1.426533e-01 6.170438e-03
2.108166e+00 -8.054229e-01 -2.414069e-02 -8.390336e-02 1.344499e-03 -4.485745e-02 1.744132e-03
3.424510e+00 1.623823e-02 -7.401518e-01 -1.020371e-01 3.849703e-02 8.445884e-04 2.056870e-03
1.742354e+00 2.662415e-01 -6.315743e-02 -2.244995e-02 1.703018e-02 7.179107e-02 -2.099786e-03
8.441169e+00 7.860515e-02 -4.059330e-01 -2.927793e-02 5.254302e-02 1.017447e-02 1.275515e-03
4.384367e+00 -7.806710e-03 -8.054000e-01 -1.778711e-02 3.861633e-02 -3.743066e-04 -1.376252e-03
2.180245e+00 6.727360e-01 4.345641e-02 -7.921287e-02 -3.040620e-03 4.707096e-02 2.040927e-04
9.300590e+00 -9.191163e-01 1.326341e-01 -3.226754e-02 -5.679520e-03 -3.935745e-02 -2.767701e-03
8.562120e+00 -2.329861e-01 3.182233e-01 8.210071e-02 -5.157627e-02 -3.776139e-02 -1.982241e-03
9.618658e-01 1.065501e-02 -6.515996e-03 1.422527e-03 1.786580e-01 2.921432e-01 -1.798137e-02
9.146596e+00 2.472530e-01 1.757353e-01 2.604388e-02 -3.385112e-02 4.762728e-02 -1.909238e-03
2.167504e+00 -1.718882e-02 4.331006e-01 3.007956e-02 -5.222627e-02 -2.072747e-03 -2.754037e-03
9.398045e+00 6.354055e-01 -7.459976e-01 -1.922547e-01 2.838165e-02 2.417415e-02 -1.287408e-03
7.766944e+00 8.040136e-02 5.954293e-02 4.138252e-03 -7.631975e-02 1.030553e-01 7.219842e-04
8.464750e+00 -5.805254e-01 -2.251259e-02 -8.147272e-02 2.041043e-03 -5.263175e-02 -1.099079e-03
8.716686e+00 -1.525576e-01 5.779114e-01 5.864007e-02 -4.754035e-02 -1.254974e-02 -3.924451e-03
3.018734e+00 -1.254428e-01 -5.385650e-01 1.664806e-02 5.121730e-02 -1.192956e-02 1.598191e-03
